10,67
10,95
10,15
10,269
10,159
10,26
10,246
10,300
10,2
10,3
11,20
11,8
11,15
9,5
9,1
9,7
9,2
9,3
8,12
8,18
8,11
8,5
8,7
8,6
8,1
8,9
8,2
8,3
0,402
47,38
47,37
47,35
47,15
47,1
46,12
46,11
46,10
46,9
46,8
46,7
46,6
46,3
46,1
44,10
44,9
44,1
41,34
41,33
41,32
41,31
41,30
41,29
41,28
41,27
41,26
41,25
39,183
39,182
39,181
39,180
39,179
39,178
39,177
39,176
39,175
39,174
39,173
39,172
39,171
39,170
39,169
39,168
39,167
39,166
39,165
39,164
38,127
38,126
38,125
38,124
38,123
38,44
38,1
37,83
37,82
37,81
37,80
37,79
37,78
37,77
37,76
37,75
37,74
37,73
37,72
37,71
37,70
37,69
37,68
37,67
37,66
37,65
37,64
37,37
37,36
37,35
37,34
37,33
37,32
37,5
37,4
37,3
37,2
37,1
37,0
35,18
35,17
35,16
35,15
35,1
20,3
20,2
20,1
19,3
19,2
19,1
18,3
18,1
